-0.89993707 -0.97636870 0.15383332 0.44905692 0.88211731
-0.95502775 -0.97852919 0.24985187 -0.37332834 -0.53187986
-0.88657812 -0.98417372 -0.97424685 0.24786779 0.23493802
-0.98092940 -0.89770214 0.94466852 0.76766983 -0.63570515
0.73604439 0.97115859 -0.32353735 0.13703072 0.33420726
-0.75671824 -0.91306522 -0.26676053 -0.05030198 0.98862949
-0.56494382 -0.97265186 0.78175606 -0.51272684 0.18484294
0.50947102 0.99315208 -0.74406935 -0.15300364 -0.33015828
-0.51562981 -0.97340938 -0.51854591 -0.11211650 0.43459948
-0.94406685 -0.84638964 0.07512251 0.00925948 0.85533505
-0.55474301 -0.96381498 0.67359106 0.26692067 0.00213868
-0.93184045 -0.84538107 -0.12033098 0.19663485 0.68659355
-0.76038274 -0.84872220 -0.83251090 0.03188580 0.88042025
-0.83058370 -0.85169950 0.53385971 0.21525978 0.72781858
-0.84995121 -0.79102966 -0.43220340 -0.41748348 0.99608857
-0.65008253 -0.90670136 -0.66793528 0.17076711 0.16257943
-0.88185643 -0.00989908 0.98188729 -0.83409100 -0.61607766
-0.91208247 -0.37578134 0.78324425 -0.93838858 0.66911265
-0.58073069 -0.65678788 0.94741264 -0.92416010 -0.41972078
-0.57156136 -0.87755645 -0.14849347 0.51046050 0.45535375
-0.34540724 -0.93037113 0.79248311 0.80655526 0.02702237
0.70778969 0.86968647 0.08275404 0.57077073 -0.37874884
0.38427379 0.96264337 0.50332003 -0.60793629 0.76688498
-0.58707052 -0.87239361 -0.88349430 0.21285247 -0.36878368
-0.47679126 -0.89768258 -0.02124481 0.97500122 -0.22034171
-0.66301327 -0.84232744 0.66260353 0.52527691 -0.18344972
-0.87470738 -0.74815468 -0.94637436 -0.04900046 -0.73185766
-0.95906873 -0.71979701 -0.07442106 0.12702899 -0.76385725
-0.51443256 -0.83369237 0.66020791 -0.84380888 0.31232210
-0.40407310 -0.84166614 -0.64500729 0.19083990 -0.93697615
-0.90430058 -0.76068971 0.59503277 0.05072612 -0.55274882
-0.93950979 -0.76076034 0.61867434 -0.67282089 -0.32787951
0.87379437 0.26295262 -0.93857002 -0.87022384 0.60590415
-0.47630600 -0.80392650 -0.31605469 0.38058482 0.91234729
0.84292741 0.81193666 0.77408629 0.37811766 0.26201136
0.51547231 0.85912505 -0.58423833 -0.74054534 0.42120847
0.85688084 0.79805853 0.58949742 -0.26639883 -0.16428659
-0.97739512 -0.77487877 -0.19081514 -0.20361210 0.19019618
0.38051137 0.91745801 0.83482931 -0.75991383 -0.03395280
-0.97318499 -0.14454757 -0.01916591 0.45536400 -0.91303165
-0.71503055 -0.78931382 -0.82247146 -0.12528641 0.40206741
-0.86945346 0.01628643 0.01765877 0.76688951 0.95668814
-0.66175604 -0.81242248 -0.06582413 -0.54234516 -0.16820834
-0.90660005 -0.19259274 0.82179900 0.66429227 0.73224417
-0.85727698 0.55430417 0.28869949 -0.36144304 -0.98406587
0.87830206 0.66375072 -0.72537919 -0.98390012 0.72194531
-0.55659974 -0.08444415 0.64289344 -0.97738532 -0.75101189
-0.62341321 -0.75842190 0.47356603 0.34142037 0.64809669
0.51336963 -0.58528907 -0.87188017 -0.98213645 0.59651070
0.24657569 0.93431722 -0.74162511 -0.47113587 -0.56998579
-0.78891986 -0.65682787 -0.77731367 -0.28196597 -0.79452013
-0.91931284 0.10915178 -0.55780202 0.75143019 0.95348948
-0.67863130 -0.78324298 0.86725196 -0.06141477 0.31864553
-0.76785005 -0.77567720 -0.71854054 0.48450520 0.29566990
-0.79373663 -0.28123197 -0.95772366 -0.37588881 0.94412049
-0.40822409 -0.84498086 0.41199738 -0.64921694 -0.03882454
-0.85245074 0.61958945 0.47146447 -0.15404999 0.96151882
-0.77547988 0.50721357 0.78799594 -0.21272270 0.92777329
-0.89162964 -0.24630109 -0.17667348 -0.09115347 0.84013064
-0.96232287 -0.16147457 0.99917949 -0.55844030 0.60168086
-0.52880387 -0.77071430 0.00456180 -0.54090480 0.60847678
-0.26458996 -0.83383648 0.73580976 -0.60035844 0.88478138
-0.65542532 0.26500177 0.48468027 -0.97174314 0.76308084
-0.75332587 0.47923162 0.78146422 -0.25299866 -0.88877492
0.44189776 -0.62214417 -0.98596846 -0.84784967 -0.16405525
0.26196926 0.89459354 0.93292158 -0.46795728 -0.24939745
-0.62603592 0.43976285 0.47760193 -0.30540435 -0.92422254
-0.92153558 0.37202344 -0.67437163 -0.74616130 -0.92474500
-0.67904748 0.08385687 -0.35396573 -0.19112939 0.87030936
-0.52982649 -0.61922085 0.58223257 -0.14076309 0.89132367
0.83191665 0.81300011 0.33589844 0.12909978 0.74950280
-0.69982424 -0.01388485 0.60386766 0.96070970 -0.38399732
0.79058612 0.83225495 0.87651686 -0.19065991 0.86799460
-0.82425167 0.13516573 0.58481961 0.01419679 -0.77367940
-0.29717865 -0.17268471 0.92657527 -0.81571775 0.72950958
-0.96917606 -0.14164309 -0.54629015 0.25164258 -0.69230132
-0.66145378 -0.45621468 -0.96692828 0.38269095 0.85539667
-0.57873759 -0.03163716 0.01066415 -0.98206719 0.88645636
-0.67721784 -0.38395295 0.87804268 -0.37852250 -0.78747669
-0.58763907 -0.64221129 0.37380986 0.74426470 -0.70428779
-0.18828106 -0.89863825 -0.27989164 0.56447502 -0.14703619
-0.62254696 0.55434610 -0.78427049 -0.37296117 -0.90431865
0.44723392 0.66366377 -0.62943053 0.99206053 -0.16672615
0.63782166 0.78212001 0.44611922 0.95324217 0.02868415
0.34643046 -0.08511693 -0.98313672 0.92440917 0.91714633
-0.59126519 -0.64755635 0.36133843 0.92476350 -0.61573108
-0.70671943 0.41716956 0.32608253 0.16887676 0.78034609
-0.58828077 -0.38968128 -0.03071298 -0.88531751 0.83287401
-0.48052717 0.05616715 0.72081434 0.92658990 -0.08831298
-0.71627572 0.67427877 0.42053044 0.99867806 0.80760597
0.51773630 0.26280938 -0.94247153 0.81669913 -0.59207270
0.34691965 0.81442765 0.88891067 0.39820749 -0.08896505
-0.51276280 -0.57313403 0.29275261 -0.95655453 0.75556999
-0.42269293 0.38805808 0.68371916 0.48288612 0.91584576
-0.61141683 -0.34979855 0.44184349 -0.04510325 -0.77520880
0.89168828 0.81152116 -0.53233632 0.67341638 0.91640201
-0.49732373 0.18902778 0.92820778 -0.49359305 0.77140206
-0.27907915 -0.72307813 -0.22420387 -0.30839552 0.88667731
-0.84243069 0.37615642 -0.02243678 -0.94372250 -0.65324812
0.12785537 0.95775083 0.02299402 0.40156598 0.96602225
-0.90250408 -0.24742062 -0.00435190 -0.44935200 -0.62424561
-0.67937465 -0.33697143 0.47059013 -0.58202013 -0.68362465
-0.59247468 0.30234099 -0.41268249 -0.10665159 0.76194413
-0.66149643 -0.07751125 0.21951682 0.02063994 0.71611628
-0.52414180 0.38217075 -0.24027853 0.47369940 -0.80598297
-0.45912399 -0.68761689 0.13211016 -0.69327982 0.60444070
-0.64947731 -0.52806454 -0.86741517 0.20193277 -0.67711874
0.83278856 0.38386847 -0.66524856 -0.84626535 0.24746468
0.44186465 0.78550268 0.46490736 -0.87165613 -0.04584754
0.84350480 -0.05046944 -0.66068285 -0.84685712 0.23312551
-0.74843110 0.58698078 0.62365042 0.04480329 0.74406127
-0.64670591 0.32226892 0.03878543 -0.62544454 0.70130933
0.22817616 0.84154546 -0.89072184 0.39134488 -0.40638346
-0.12635952 -0.86616279 0.58564151 -0.78982574 0.65065125
-0.33558910 -0.53606660 -0.50143842 -0.10141808 0.93295164
-0.17255604 -0.81573756 0.49714328 -0.59237294 -0.75445833
-0.46494294 0.62966377 0.34223118 0.21843672 0.92804606
-0.20308002 0.17797923 0.81988460 0.92224376 -0.54472346
-0.68635327 0.62365284 -0.83189812 0.49161931 -0.84991865
0.43622221 0.58399210 -0.90642267 0.77683645 0.50539094
-0.37620854 -0.67413439 0.46721990 -0.48689098 0.65281855
0.99857473 0.58741349 -0.44862776 -0.91942653 0.18634712
-0.74913560 -0.38413458 0.04452643 -0.41860693 0.60338844
0.28340088 -0.63448814 -0.96128191 -0.81723252 -0.10355126
-0.50326392 -0.44282304 -0.45597347 -0.91231583 -0.84926012
-0.97828473 0.27985231 0.54781676 0.43980720 -0.50415952
-0.43750081 -0.62551833 -0.61070951 0.65463641 -0.73704154
-0.37891471 -0.17604393 0.11925834 -0.82686957 0.82968162
-0.24655935 -0.60902628 -0.07315221 -0.18292086 -0.91534384
-0.52850075 0.26075281 0.65858335 -0.85440886 -0.07859388
-0.32610969 -0.64224272 0.99857692 0.41996186 0.65241368
-0.53921676 0.46242661 0.65453214 0.32584194 0.68030273
-0.38903996 -0.62102138 0.79261567 0.00020937 0.66368210
-0.23823355 -0.32751906 0.95919951 -0.76411810 -0.32196813
-0.84242909 0.50408568 0.28780501 0.26473200 -0.56926419
-0.36824479 -0.28828655 0.33351440 0.68851493 0.78368426
-0.75099118 0.47472894 0.67462297 0.13938159 -0.58310948
-0.48165696 -0.70126474 0.00009802 0.12159729 0.24477992
-0.92910205 -0.42866119 0.13258058 0.16187923 -0.48169576
-0.76673938 -0.21742494 -0.29747876 -0.27336293 0.54103805
-0.71557932 -0.69739877 -0.52747244 -0.74906209 0.21848878
-0.83114669 -0.11135286 0.35075038 0.00805709 -0.51376527
-0.44773564 0.48573135 -0.04073789 -0.74835404 -0.70995918
-0.95213955 0.66210622 0.91545403 0.66217528 0.23790783
0.51531764 0.68385435 -0.59446484 -0.61009701 0.19774398
-0.08811069 -0.87369989 0.66976790 -0.79152007 -0.08352883
-0.32033278 0.12324997 -0.63105793 0.58534567 0.84810058
0.29777632 -0.12016383 -0.86590820 0.91601733 0.83462163
0.14623481 0.82546208 -0.18288575 -0.64896553 0.06095460
-0.39883088 -0.46334334 0.85002907 -0.67527150 -0.26028722
-0.37467464 0.33389680 0.39313432 0.96415164 -0.58782189
0.05089047 0.95195553 -0.53697843 0.76783196 -0.16460193
-0.58735664 0.16567947 0.77102379 -0.52766373 0.45358233
0.52848686 0.70674765 -0.11798760 -0.92656338 0.31356491
-0.61789324 -0.35795189 -0.64781717 -0.91379431 0.92740818
-0.97492641 -0.21880670 0.81965322 -0.52361693 0.24155212
-0.21494225 0.61935447 0.95054895 -0.56003418 0.86131160
-0.22732097 -0.52127086 -0.01882596 0.22332988 0.84930102
-0.97811446 -0.20823896 0.29495191 -0.19035331 -0.42375447
-0.20395622 -0.55577900 -0.83544692 -0.41668770 -0.91158518
-0.21225276 -0.26555320 -0.52210556 -0.69151899 -0.95713896
-0.34132296 -0.61190926 -0.71823747 -0.00781020 0.58347395
-0.61757055 -0.39366485 0.86483141 0.41483237 -0.45600829
-0.61734959 -0.17719217 0.71437896 -0.27794002 0.50828235
-0.97592627 0.24074479 0.02830148 0.71418044 -0.40720563
-0.50825956 0.28445239 0.13171719 -0.06309542 0.56225943
-0.55265681 0.42539734 -0.25118366 0.42036283 0.54817577
-0.22477975 -0.74558416 -0.69679421 -0.05740226 -0.23984687
-0.22385660 0.51353581 0.71965141 0.83989233 -0.42223080
-0.20450528 -0.52976245 0.14875593 -0.47373996 0.82808502
0.76403203 0.67254303 -0.39262392 -0.30429508 0.34848499
-0.87595105 -0.28927832 -0.18112927 -0.85611939 -0.41788409
-0.88784712 -0.24430963 0.28843889 0.89101278 0.34243161
0.44539761 0.70696275 -0.60006897 -0.50401634 0.40127703
-0.14376495 -0.31103755 -0.97050555 0.15286167 -0.99488575
-0.32188281 -0.27791154 0.53471759 0.53129330 0.63420206
-0.16336033 -0.59207592 -0.45108450 -0.02083524 0.85846006
0.71674498 0.66330350 -0.25923710 0.65317619 -0.31313091
-0.36153661 -0.68827631 -0.01731277 -0.19980742 0.12150260
-0.27589354 -0.65197120 0.01065162 -0.98837708 -0.46661932
-0.36157278 0.43662499 -0.35842816 -0.57215479 0.62179459
-0.14956306 0.32797604 -0.81386095 -0.35469474 -0.94210882
-0.78191972 -0.10250423 0.36019181 -0.71697259 -0.35497946
-0.02971213 -0.97307857 0.72982827 -0.03726267 0.28168246
-0.85163208 -0.23635173 0.31183625 0.02885673 -0.38152899
-0.23238941 -0.55435206 0.92432213 -0.62978381 -0.22809353
0.59312831 -0.73566712 -0.71031194 -0.98916005 -0.50027656
-0.61889018 -0.22645618 -0.34622862 0.84745482 0.49597466
0.16563295 0.77550622 0.50147870 0.80495874 0.11814881
-0.21784306 0.23111472 -0.84698751 0.32839226 0.72350315
-0.19644482 0.40950245 0.11624366 0.56989423 0.74764370
-0.61333172 -0.55606347 0.61453133 -0.47633525 -0.23990860
-0.11516656 -0.56774112 -0.54893612 0.63281663 -0.93597788
-0.14510823 -0.44200122 -0.91286854 0.41993701 -0.87144356
-0.15633436 0.18594239 -0.48446654 -0.84381781 -0.89767505
-0.57497076 0.28734860 -0.29355314 0.15915929 -0.41214438
0.28543733 -0.55551882 -0.87749539 0.77989236 -0.57260924
-0.25479687 -0.17662701 0.44873222 0.78628701 -0.52573214
-0.14940026 0.45345641 -0.98453740 -0.15861542 -0.81478845
-0.40705097 0.26828317 -0.37505322 0.56274682 0.50000109
-0.82848923 -0.12571997 -0.38287471 -0.61246440 0.36788553
0.46848274 -0.34338467 -0.79505237 -0.60968835 0.09122970
-0.35017965 0.53780868 -0.91524741 -0.10938570 -0.56478826
0.01958724 0.99453458 0.98628341 0.25690757 -0.74233092
-0.23826598 -0.64713019 0.94967213 0.45012278 0.00416021
-0.17129841 -0.19310090 0.69871501 -0.18120389 0.67902637
-0.43416306 -0.35525224 -0.83022296 0.36277964 -0.45325105
-0.22767793 0.06201616 -0.48073194 0.04674082 -0.58399546
-0.08814452 -0.64625075 -0.01306668 -0.66899964 0.80128767
-0.41346452 0.01126391 0.06842835 0.35128545 0.43176673
-0.50289763 0.55790655 -0.91365416 -0.33652556 -0.51628422
-0.21635193 0.65666896 0.40479980 -0.76707641 -0.74106399
0.19788831 0.00803411 -0.77379775 0.92303481 0.79047421
-0.11710842 -0.17284196 -0.55475334 0.50392393 0.82541422
0.57081165 0.68067064 -0.28476196 0.73416559 -0.47719545
0.99262771 0.54959310 -0.69789977 -0.10231323 0.05983756
-0.34688088 -0.46650695 -0.68779758 0.17501392 0.42807578
0.95510999 -0.59773849 -0.82383218 -0.60208442 0.10080613
-0.49221436 0.45881320 0.93891194 -0.21400750 -0.39756081
-0.16517720 -0.11495549 0.33604539 -0.66179697 0.62842318
0.53171484 0.65513032 0.04132630 0.98820697 -0.36261021
-0.50431287 -0.36218700 0.56948747 -0.08530496 0.35377786
-0.10755919 -0.38052514 0.14819982 -0.88561662 0.76550080
-0.15732843 -0.46363803 -0.75511947 -0.40868586 -0.64827316
-0.21281660 0.38915897 0.35305639 -0.54931383 0.54007697
-0.12676564 -0.71587981 -0.08380882 0.80591869 -0.12967104
0.47328230 -0.10815827 -0.51520187 -0.75695204 0.05302975
0.25195569 0.73317521 0.52906771 0.87239590 0.26477784
-0.07764242 -0.68493553 -0.22087284 -0.50698914 -0.63692743
-0.27166392 -0.63641791 -0.10799886 0.66011334 -0.06445410
-0.78999367 -0.40756439 0.24352796 0.04983577 -0.24680407
-0.30620554 0.25002060 -0.11231493 0.70925438 -0.42181415
-0.13677392 -0.11325188 0.93504514 0.50346215 0.48709829
-0.03787095 -0.73726634 0.57376687 -0.02146212 0.91253862
-0.12304382 0.51173927 -0.22219294 0.68764594 -0.69187030
-0.05574241 -0.10172114 0.39999226 0.10532053 -0.95394293
-0.41287826 -0.39779810 -0.10470427 -0.96631221 0.34107230
-0.84566817 0.18068390 -0.75358510 -0.56411844 -0.42797127
0.05812104 0.02794771 -0.79845511 0.90509125 0.51994767
-0.02902377 0.54555278 0.93510575 0.79765824 -0.75311736
-0.98118670 0.27985256 0.75501543 0.35931763 -0.15132284
-0.07742663 -0.65086231 0.84080889 -0.24611549 -0.54438081
-0.05553506 -0.43555085 0.44585593 0.63053285 0.83869423
-0.10716773 -0.68378965 0.37915008 -0.01197881 0.21072088
-0.29698179 0.10394918 -0.00864954 -0.49544092 0.37380468
-0.22035800 0.36438170 -0.54532868 -0.15354087 0.43772112
-0.58007370 -0.38122320 -0.46857740 0.85314878 -0.47289979
0.23432745 0.65962503 0.48897012 -0.28182054 -0.32729232
-0.04666029 -0.12361129 0.95552272 0.72835024 0.24835137
-0.78704964 0.14298175 0.33316564 0.80488849 -0.02304640
0.05869888 0.73911389 0.00912757 -0.26258386 -0.00938027
-0.10410851 -0.36678770 0.18829984 -0.28903487 -0.57104655
0.38487426 0.61024884 0.90273168 0.31065731 -0.22328846
-0.76328990 0.59375077 -0.37949232 -0.56399402 -0.43368996
-0.52919202 -0.14714931 -0.41341528 0.72432463 -0.34321391
-0.72072407 0.32950371 -0.81668180 0.07447669 -0.21004811
0.17745991 0.63083497 0.73917133 -0.34072936 -0.11320463
-0.96968045 -0.48148920 -0.92218241 0.19502102 -0.05811747
-0.40114837 0.17742287 -0.32158165 -0.64710166 -0.28663333
-0.37382079 -0.50125458 -0.15084338 0.40277449 0.14964147
-0.23804993 -0.49884475 0.18969961 0.59662084 0.23671312
-0.72318685 -0.43037565 0.27536361 0.34718029 0.13126770
-0.06473292 -0.07341705 -0.67737436 -0.06172442 -0.57486210
-0.47231056 -0.34287951 -0.36073122 -0.28913493 0.20247907
0.64736329 0.59132390 -0.57452922 -0.02253863 -0.31241907
-0.00423077 -0.96567269 -0.47288079 -0.94971099 -0.82017423
-0.26879307 -0.28058753 0.44417208 0.53817246 0.20123736
-0.28608451 -0.49134530 -0.50285738 -0.38881793 0.17936479
-0.05103975 0.35876148 -0.63355792 -0.67305480 0.67986831
-0.00349210 -0.96872546 0.50568591 -0.74122277 -0.04816502
-0.22109395 -0.52756926 0.52808533 -0.20094588 0.07064711
-0.77076078 0.42996998 -0.63362144 -0.08874355 -0.17705236
0.10554029 0.60287619 -0.72151922 0.28284826 -0.15152164
-0.86742998 0.38408458 -0.52978798 0.19846322 0.14693384
0.77422430 -0.49702353 -0.76420011 0.45344609 0.05650193
-0.61032731 0.33846625 0.19965159 0.93092016 0.05561813
-0.31671599 0.64782497 0.07276843 -0.00662971 0.52120475
0.35336410 0.39239918 -0.68827788 -0.51896436 0.22655450
-0.38791340 0.69985589 -0.12280606 -0.32095646 0.65986100
0.18416255 -0.51965917 -0.45431816 -0.89075276 -0.28234781
-0.21421663 -0.05851447 -0.58652901 0.30882039 0.20637584
-0.18839797 -0.17274120 0.20371450 0.29048819 -0.19737772
0.31826749 0.44869535 0.05132184 0.23317771 0.02624222
-0.03810443 0.74575894 -0.88204043 -0.56551134 -0.99582307
0.76996836 0.54906957 0.59482642 -0.16036216 0.26117212
-0.01736247 -0.04348693 0.68726166 0.54327815 -0.39478153
-0.00740880 -0.72448281 -0.40387197 0.46677603 0.12708416
-0.00521907 -0.50074053 -0.66341899 0.36311742 -0.80359737
0.00957776 0.75708456 0.67153280 0.30135700 0.63007611
-0.84141601 0.23974464 0.10198763 -0.80395329 -0.04386512
-0.06608283 0.36765421 0.80706363 0.33692604 0.14978611
-0.07340766 0.08851291 0.90758699 -0.22323508 0.14775939
-0.32816938 -0.00720284 0.91706307 0.18128331 0.05160029
0.07494647 0.57921148 -0.95108414 -0.76659822 -0.99134710
-0.17446589 0.05111692 -0.26414840 0.64741482 0.12971134
-0.37494500 -0.33272373 -0.14987646 -0.50926140 -0.03586046
-0.03518350 -0.14883193 -0.14315269 -0.47772508 -0.06293035
0.00846358 0.53971323 -0.74659637 -0.82227056 -0.80451345
0.00111193 0.55769714 -0.37288062 0.46986071 -0.49629223
-0.10021147 -0.31693785 -0.12534753 0.88553717 -0.01310176
0.33668613 0.03014210 0.23130263 0.06429369 0.02502404
0.03190020 -0.37374461 0.01450173 -0.99072503 -0.11889106
0.95922414 -0.12810927 0.48866020 -0.04692750 -0.02607121
0.02300480 0.26150061 -0.71300536 -0.33822727 0.21787831
0.02939728 0.47121897 -0.49217585 0.25993694 -0.31066413
0.02577892 0.39129110 -0.06781070 0.63864498 0.29477161
-0.33376398 0.53836126 0.36751874 -0.25079297 0.24242239
0.66999512 0.03327929 0.43216322 0.01684194 -0.06046845
0.82340087 -0.28527816 0.12692305 0.62578098 -0.03674822
0.07436829 0.39484776 -0.96239599 0.09431881 -0.20746166
-0.57395560 0.28699197 -0.34270159 0.45749749 -0.03175444
0.19015748 -0.24741302 -0.12965494 0.23984115 0.12640256
-0.07115210 -0.16309353 -0.92842593 0.56151710 -0.44002091
-0.11049736 0.64979309 -0.12782840 0.68956519 0.46048446
0.83325769 0.15572347 -0.90946921 0.23300689 0.10673971
-0.49911597 0.40967070 -0.51294544 0.50349211 0.16586864
-0.06462622 0.31925662 -0.49190860 -0.77134186 -0.20629506
0.49905275 -0.10243805 0.14736036 -0.40658217 0.10753379
0.04111054 0.29526390 0.64704005 0.66743995 0.05587905
-0.08540141 0.66067468 0.32538321 -0.40381345 -0.43607384
0.13616106 0.18257220 0.06761984 -0.42099696 -0.22989037
0.35404562 0.46086973 -0.98004014 -0.41645086 -0.35784300
0.10944542 -0.22443204 0.03791683 -0.72969464 -0.26230225
0.24242490 0.42632535 0.31282701 0.13157915 0.21414173
0.20321104 -0.24353203 -0.15786769 0.24824198 -0.20481092
0.08203511 0.14970211 0.34388612 -0.29449291 -0.32718106
0.00973207 0.52744785 0.35029565 -0.73837742 0.98018706
0.12202163 0.23213356 0.26066650 0.24592175 0.27604136
0.58918673 -0.42892556 -0.00833403 -0.51063251 0.05448891
-0.02083712 0.72365399 0.21504816 -0.88318930 0.10959589
0.90601460 0.17836495 0.12225777 -0.28094211 -0.10885543
-0.07223753 0.14295300 -0.54819408 -0.75172741 -0.03122256
0.91609475 -0.04503177 -0.14825552 -0.34556108 -0.11359512
0.93383593 -0.16548843 -0.04705638 -0.25806802 0.11250741
0.93954080 -0.37460408 0.08714084 0.86534981 -0.08557753
-0.03611816 0.73689864 0.51476395 0.42491137 -0.46507133
0.26096706 0.13101016 0.41256314 -0.30592941 -0.22028813
0.25026451 0.09295858 0.11208471 0.03543876 0.23167396
0.78923019 0.28562670 -0.93033797 -0.08226877 -0.13429636
0.61744499 0.46284985 -0.54477696 0.30832037 0.22321906
0.57675206 0.39021352 0.42373291 -0.08548610 -0.18388584
0.31875305 0.43661504 -0.53632893 0.02496210 -0.25684221
0.93271332 -0.44567511 -0.84179998 0.04410430 -0.00284339
0.22866843 0.09616686 0.42819886 0.60344178 -0.20161705
0.02067888 0.39444021 0.74265913 -0.04362899 -0.90732714
-0.02535176 0.84657145 0.88601917 0.79527773 -0.15585680
-0.14943456 -0.17174498 -0.62099595 0.64682677 0.05602657
-0.20236512 0.57703146 0.60917827 0.33730430 -0.06389464
0.33880705 0.44548508 0.10826219 0.20240000 -0.27632603
0.24814040 0.73288686 0.78760598 0.65799065 -0.61332195
0.02759895 -0.05667140 0.12936883 -0.10461628 0.88490099
0.56006398 -0.12848624 0.19457265 -0.43208910 0.19847377
-0.24391305 0.58055796 0.13143632 -0.95815589 0.09475027
0.15630657 0.63688451 -0.37506479 0.60497786 -0.62406835
0.47487272 0.18154059 -0.61563132 -0.03390990 -0.22665492
0.83326960 0.52119798 0.58144360 -0.48630083 0.22074418
0.20820121 -0.14180000 -0.52719236 0.22364615 -0.35249296
0.04618887 -0.26115759 -0.82357430 -0.63911365 0.91403820
0.16565504 -0.47537370 -0.79550150 -0.27506128 0.38431058
0.79545677 0.06811870 0.43554660 -0.34020677 -0.17937750
0.09227816 0.35228278 0.44522775 -0.84677800 -0.41971463
0.66278894 -0.38924395 0.04289486 -0.32991145 0.19242729
0.68375272 -0.45960887 -0.20670076 -0.35765644 -0.15232728
0.85630272 0.06973613 0.55159925 -0.21807484 -0.18590122
0.10223416 -0.55696357 -0.05349877 0.31913086 0.46793766
0.72384961 0.88260460 0.97733878 0.93370364 -0.01928242
0.41908186 0.06433641 0.12871377 0.79661760 0.26943156
-0.05652747 -0.15780822 -0.90033830 -0.90246752 -0.93577750
0.39466316 -0.37054399 0.46318791 0.29696288 -0.28955594
0.20451711 -0.20260865 -0.61343723 -0.98302187 -0.90823664
-0.35726221 0.58486541 0.03916430 0.67805419 0.11653020
0.34248499 -0.44836162 -0.69051206 0.35321453 -0.32531702
-0.46456266 0.63717055 -0.13624221 0.43244062 -0.35970347
0.16382514 0.25536341 0.36768232 0.15743349 0.48888468
0.84176175 0.68475900 0.85478976 0.51924300 0.51327707
0.28064715 0.37042181 -0.02328320 -0.78301885 -0.38302757
0.44974220 -0.06280543 0.57550017 0.61190258 0.09202779
0.04343725 -0.17211655 -0.80600649 0.37137443 -0.97945306
0.66961677 -0.02068569 -0.11945812 -0.12305056 0.24917135
0.02620146 -0.68790777 0.78216293 -0.70838004 0.93672466
0.32036061 -0.35141393 0.51218119 0.77182777 0.02849247
0.22175066 0.15479111 -0.31154505 0.01317079 -0.47130395
0.30320077 0.61563320 0.72937922 0.61288255 -0.41847093
0.01129165 -0.97614098 -0.92161010 -0.59160784 -0.84719041
0.22846728 0.59298291 0.66219541 0.57569740 0.51311448
-0.27891001 -0.40894118 -0.71444120 0.93619472 0.79954615
0.06936578 -0.52419167 0.91160295 0.75524400 0.07701903
0.61777770 -0.35132980 -0.69663960 0.17858357 -0.29768307
0.66461106 0.75888032 0.25891612 -0.12641807 0.90049889
0.27495206 -0.27877364 0.11251379 -0.20792898 0.46299443
-0.07266199 -0.39933127 -0.87110014 0.83245529 -0.31518238
0.06980195 -0.08550653 -0.27168671 0.83163247 0.96682378
0.99268182 -0.52169851 -0.29743249 0.15885817 -0.11284195
0.21203811 0.19198744 0.33700259 -0.22352589 0.55594990
0.85392301 0.00776826 0.31583584 0.79740307 -0.19746038
0.87980673 0.08744316 -0.71182256 0.67117818 0.54396541
0.08203031 -0.58189612 0.71960234 -0.05272017 0.84239525
-0.24176356 0.27400918 -0.82505878 0.66105915 -0.20717754
0.59906674 0.71098298 0.61871418 0.63978463 -0.67366014
0.39976354 0.25385682 -0.26977643 -0.27153857 0.41796253
0.95126237 -0.08332550 -0.04618252 0.24763031 -0.27178656
-0.73141460 -0.21906197 -0.84125077 -0.63715320 0.44338797
0.33566336 0.63340128 0.70142262 0.42412598 -0.62041322
0.21031977 -0.61979379 0.71186411 -0.56155710 0.25777332
0.42381514 -0.10836235 0.03851414 -0.67660558 0.41661856
-0.29813422 -0.35714355 -0.63084253 -0.76524201 -0.08170517
0.85713991 0.43878811 -0.45831372 -0.14949565 0.32611272
0.15714815 0.11123472 0.60440406 -0.35860386 0.69828634
0.19473983 -0.57473898 -0.28361914 -0.45674229 -0.55120161
0.35235602 -0.63234460 0.15464831 0.28328619 -0.14734610
-0.53928968 0.73759174 -0.27214434 -0.61206391 -0.67428094
0.59627171 -0.26916258 0.10641112 -0.54913027 -0.36576407
-0.12862541 -0.55854119 -0.70053564 -0.93361109 -0.15354462
-0.19237899 0.82861267 0.00343792 -0.54472202 -0.93481628
0.29103020 -0.26692908 0.38854076 0.84853508 -0.47199390
0.47266433 0.59091154 -0.40683894 0.98102868 0.72017093
0.24224245 0.69056934 0.52630081 0.85849974 0.74274398
0.33916795 0.59769571 0.99792290 -0.49069213 -0.51034760
0.10004564 0.14340598 0.71073134 0.97367691 0.30951426
-0.86036720 0.77533022 0.36128836 -0.95013456 0.77649372
0.21343284 0.45027168 0.83338199 0.13623783 -0.72037626
0.88064290 0.58236407 0.46343752 -0.80475256 0.33284469
-0.73193033 0.65993298 -0.78862223 0.12144544 0.35232946
0.42978714 0.33554625 0.00872206 0.73309201 -0.50939104
0.33113131 -0.28226642 0.29566252 0.38008516 0.57779165
0.94734999 0.21880218 0.17555023 0.13891141 0.34710023
0.47419918 0.29625426 0.42227267 0.24962088 0.49411343
0.29441042 -0.69190457 0.19347114 -0.86341686 0.03760953
0.29078852 -0.10320227 0.35496385 0.65355225 0.62268088
0.13551126 -0.55739534 -0.53745301 0.50582851 0.91464111
0.13224261 -0.62657130 -0.35011407 -0.43195800 -0.85833583
0.58438371 -0.47546319 0.22167771 0.25118731 -0.42575529
0.17908111 0.38223957 0.27449558 -0.43456842 -0.83874313
-0.08305548 -0.65152226 -0.89245337 0.97107453 0.04254071
0.43854212 -0.36002922 -0.68652214 0.50941264 -0.61839625
0.16940501 0.06796026 0.74514895 -0.87044148 -0.35258977
-0.99353484 0.62114394 -0.29226500 0.56085273 -0.18943215
0.13336948 0.31532959 0.47903768 -0.97130905 -0.92274943
0.11059278 0.33380160 0.64366661 0.99804459 -0.78619940
0.26771867 -0.00026760 0.52678444 -0.78156258 0.65377452
0.58009307 -0.61681857 -0.32120481 -0.45192026 0.32953931
0.44699744 0.72944113 -0.55549353 -0.36068532 0.95637544
0.71493652 0.40469348 -0.66913500 0.03383402 -0.48200430
0.15557525 0.46473261 0.85928350 0.48023947 -0.98993696
0.81130320 0.32544712 -0.17314695 -0.30582372 0.45979040
0.20240099 -0.77540362 0.01028645 -0.13607884 0.06691131
0.92930063 -0.54239684 -0.67812064 -0.07673973 0.34397188
0.74000046 -0.28682545 -0.39212669 -0.95607053 0.62129474
-0.42919686 0.70491622 0.39359754 -0.09503938 0.14941125
0.44525218 -0.30353265 -0.61061684 -0.86493892 -0.88207029
0.09004169 -0.87708601 0.20984552 0.07394456 -0.00206256
0.52905366 -0.23925686 -0.21385877 0.64007294 0.59161325
0.11265724 -0.80209180 -0.33267464 0.15052241 0.76083082
-0.81916573 0.72703265 -0.33790555 -0.59747328 -0.56734635
0.27544066 -0.62340635 0.60281866 0.41814797 -0.69900448
0.93078113 -0.66343379 -0.62154365 -0.64934442 0.23478285
0.28151662 -0.34560579 -0.14144890 0.80004150 -0.83691476
-0.39639069 0.79564871 0.28537270 0.93082167 -0.67616324
0.97395785 0.52969195 -0.49553088 0.51985208 -0.53983632
0.69941413 -0.34762393 -0.18332896 0.94429203 -0.54797260
-0.48449001 0.76087283 -0.62919023 0.23853862 -0.56746582
0.77626735 -0.49732179 0.91855768 0.33738270 0.44020525
0.35701698 -0.31722239 -0.06788521 -0.61135489 0.75642551
0.97869084 -0.53117489 0.44684904 0.87702630 -0.07139707
0.90384159 0.35838214 0.17735985 -0.90788098 0.48662162
0.34892197 -0.02858533 -0.28532506 -0.29300554 -0.79801604
0.72553848 -0.15352968 -0.66021259 0.62386756 -0.66918068
0.96469280 -0.46332760 0.38155241 0.63131839 -0.43654053
0.48172505 -0.41965440 -0.89017872 0.06996026 0.69181512
0.83794882 0.17004981 0.04156364 0.32205805 -0.53619417
0.26625715 -0.20550198 0.28609040 -0.99380325 -0.92176213
-0.08790662 0.95624753 0.85568339 0.37877427 0.91112160
0.76071677 0.49547715 0.44498486 0.52088327 0.58346020
0.33176254 0.40833089 0.82512805 0.73735612 0.50994627
0.65920848 -0.15212618 -0.55366814 -0.29396661 0.62854280
-0.18145705 0.84395617 0.36469956 -0.08907687 -0.30129866
0.35827960 -0.60279504 0.55965827 0.83380599 -0.57388648
0.98885032 -0.41116505 -0.67768600 -0.08551207 -0.50667308
0.86837350 -0.50920854 0.54298081 0.47318830 -0.48763420
0.09138272 -0.92364403 0.23952484 0.30858947 0.23935598
0.89558176 -0.07242004 0.50669681 0.93512833 -0.05910171
0.27001383 -0.51518055 -0.29155060 -0.18875888 -0.97679491
-0.19844009 0.87899536 -0.92242912 -0.30442686 -0.82264706
-0.17530335 0.89430821 0.76504771 -0.19303858 0.85474282
0.27430371 -0.75959172 -0.38831687 0.51468366 0.55407682
-0.77443747 0.79910474 0.82232757 0.54746130 0.72600019
0.59437893 -0.10895352 -0.02631296 -0.72067233 0.68817061
0.55938770 -0.54394768 -0.70476675 -0.08412485 -0.66276507
0.26987990 -0.10687176 0.81459073 -0.58855771 -0.94048537
0.35598182 0.40091238 0.35167573 0.28163106 0.91939373
0.77339157 0.54481829 -0.47393500 0.32244881 0.68143060
0.40477343 -0.22167334 0.10249028 0.86035335 0.87021457
0.61315093 0.69289009 0.15063540 0.62176328 0.95457574
0.68374358 -0.69394852 0.53331481 -0.22469021 0.31799226
0.39035392 -0.54262280 0.34191547 -0.10160248 -0.88883017
-0.86023726 0.72000383 0.62492825 0.28550761 -0.31709302
0.60806977 -0.49363350 0.09982684 -0.89595762 0.72429349
0.94488699 -0.57369973 0.62041101 0.47200887 -0.48361468
0.63904476 -0.25667430 -0.94807314 -0.14344004 0.74319471
0.99955743 0.24011472 0.18029648 0.69528975 -0.59374313
0.77546834 0.15984073 0.65935891 0.09231519 0.67802205
0.77598104 0.67836007 -0.25038437 0.65561644 -0.89930139
0.70555122 -0.48539352 -0.82272578 -0.26743030 0.71152167
0.49686753 -0.73538635 0.45567841 -0.83465481 0.22760985
0.67234226 -0.02903005 -0.28463110 -0.65213261 -0.76650629
0.10348839 -0.95285142 -0.19566493 -0.53861600 -0.44726026
0.66041188 0.08696315 -0.97184135 -0.14099227 -0.77129653
0.49296564 -0.66549017 -0.37456427 0.71259422 -0.74554375
0.95067935 0.32356344 -0.67255712 0.72611899 -0.82608790
0.69031599 0.30725695 -0.06938111 -0.55511160 0.77561298
0.66358306 0.40671283 -0.58974179 -0.42704000 -0.81296188
0.50352450 -0.65963721 -0.30047997 -0.02760931 0.75210022
0.48131629 -0.35567473 -0.38022180 0.03649019 0.94535464
0.61327125 -0.14628991 -0.61558781 -0.71339383 -0.94600093
0.74775520 0.64446563 0.09103228 0.44099907 -0.90566703
0.69648830 -0.34913355 0.96970897 -0.70653817 0.03051879
0.61125427 0.57831898 0.55904852 0.29198021 0.95748678
0.50057777 -0.67936955 -0.67419294 0.19963308 0.81854290
-0.23572942 0.89310415 0.27935201 0.42267338 0.32821711
0.61083292 0.55479426 -0.19127203 0.91947930 -0.96694641
0.52393982 -0.52637342 0.99235904 0.54585148 0.81988817
-0.30002079 0.84611456 -0.95696604 0.51725243 -0.11392116
0.93528397 0.12221694 0.05408205 0.33515090 0.74522587
-0.62607977 0.79283279 0.69459805 -0.53380031 0.26865526
0.49920374 0.58995698 0.72193378 0.67471462 -0.96686246
0.61750914 -0.31036911 0.46397287 0.99593766 0.74777676
0.95969778 -0.30942320 -0.43744533 -0.22388352 0.74751414
0.68893221 -0.43043951 -0.44784770 -0.42029686 0.88098998
0.92949276 0.59905563 -0.61039646 -0.57761039 -0.89258183
0.71288132 0.39566554 0.28393873 -0.44984484 -0.87809293
-0.41355963 0.78719844 -0.96383020 0.62024983 0.07294894
0.42873861 0.62127576 0.54989110 0.99051214 -0.99446923
0.99780168 -0.11367248 0.44984590 0.08557114 -0.74566450
0.64019126 -0.27994267 -0.83163405 -0.16199688 -0.94474075
0.73482064 0.38025996 -0.15420927 0.51702980 0.88796031
0.31470324 -0.80208402 -0.56831101 0.42232551 -0.88210068
0.63986101 -0.21057932 0.46991757 0.98513183 0.78607758
0.73934153 0.57572069 -0.70768273 0.50184713 0.98682037
0.63260140 0.13778869 0.50232862 -0.25410658 -0.97078393
0.52425424 -0.72325409 0.82804440 0.25905699 -0.79051321
0.59132379 -0.75080695 -0.60058838 -0.16730184 -0.63741504
-0.25160998 0.86836912 -0.64700163 0.97787583 0.05238114
0.36102998 -0.77884635 -0.12481230 -0.33485881 0.97890351
0.63517551 -0.77497880 -0.17331489 0.44970656 -0.46478972
0.91285800 -0.66777760 -0.32865624 0.06347092 -0.67432085
0.70649970 -0.74207805 0.21305832 -0.66989875 -0.60224631
0.84634933 -0.15204021 0.89874164 0.00616356 0.92211229
0.80207841 0.41440658 0.54140026 -0.51579329 -0.93999537
0.74202349 -0.63015791 -0.45344292 0.90876086 0.99186170
0.79272286 -0.48437739 -0.40492530 0.02087734 0.95666106
0.34847186 -0.87982429 -0.76463831 -0.05155202 -0.37716354
0.62135524 -0.22497373 0.96503239 0.63012661 -0.89560115
-0.25787647 0.95085015 -0.85712316 -0.67417795 -0.90088925
0.47265144 -0.81824559 0.14847153 -0.06254611 -0.68516684
0.89813915 0.34320267 -0.13966917 0.38776189 0.94733908
0.69439235 -0.81165437 -0.32402297 -0.09304611 0.08869632
-0.33372744 0.90267439 -0.01175147 0.28488304 -0.07002323
0.60862040 -0.79369007 -0.48815197 0.97776931 -0.84151544
0.69723696 0.21280056 0.66863192 -0.93585981 -0.72386105
-0.28075480 0.95626799 -0.54919375 0.18950904 -0.77597904
0.41638479 0.69358682 0.96340720 -0.89818000 -0.85468550
0.95663016 -0.62117571 0.90220377 -0.17561043 0.85416982
0.85218687 -0.76190248 -0.42108342 -0.43765115 -0.54354977
0.47414623 -0.86891922 -0.07809687 -0.79560168 0.20315138
-0.21246756 0.93778986 -0.99214611 0.83330247 0.32749731
-0.27941102 0.97001036 0.31662227 -0.78407056 -0.69577080
0.73543648 -0.74677524 0.14932961 0.10100937 -0.88616421
0.30479918 -0.94371470 0.15816305 -0.68410635 0.39415775
0.95551233 -0.51606339 0.79857372 0.78148841 0.79083057
-0.66571676 0.88757772 -0.31202038 0.10060048 0.58545508
-0.44475450 0.94154177 0.97756920 -0.60165750 0.23133850
0.75637825 -0.85527563 -0.73065106 -0.25934364 -0.12057068
0.87758087 0.05574249 0.69442424 0.91844942 -0.86164970
0.93027829 -0.82031246 -0.52710918 -0.41587464 -0.45868674
-0.90150813 0.84426138 -0.29608166 0.40104743 -0.01260784
0.33812182 -0.96574902 -0.68075265 0.30249652 -0.54188932
-0.89794076 0.86787577 -0.36928711 0.63458612 0.48862480
0.50596219 -0.90969118 0.25385608 -0.53514232 -0.59902465
0.92612452 0.39599008 0.86192199 0.85440797 0.84672393
-0.83792116 0.87643681 0.01917693 -0.69050359 0.26136280
0.44478110 -0.95739934 0.50582000 0.16905706 0.17126781
0.86185240 -0.86241830 0.65646678 -0.66977506 -0.05037843
-0.83078251 0.93634223 0.80631705 -0.64877533 -0.54556957
0.97189463 -0.32390762 0.76314881 0.99984356 0.95384661
0.57264737 -0.93090077 0.76892349 0.68107797 -0.76696739
-0.75932976 0.95584172 0.45737929 0.34273687 0.82102138
0.58878781 -0.93554561 0.62443567 0.77550050 0.81992230
0.51696894 -0.99249175 -0.37857133 0.48188614 -0.02704102
0.77437149 -0.89919671 0.56799365 -0.86555255 -0.72969615
0.93671860 -0.88758275 -0.37993765 0.67202603 0.76244746
0.62635324 -0.96002921 -0.86595545 0.10347325 -0.55793959
-0.72260085 0.98589269 -0.41718842 -0.85883522 0.88696728
0.82618648 -0.94581457 0.28441323 -0.43256245 0.02195542
0.59934940 -0.98977399 -0.17233675 -0.32770839 -0.16204654
0.53260032 -0.99948717 0.28550396 0.99704582 -0.57289981
-0.71902364 0.98068188 -0.04107801 -0.41457699 0.55255379
-0.72497171 0.99352592 0.24453777 0.70726110 -0.59165507
0.95103349 -0.94637640 0.14089200 0.76186400 -0.33872189
-0.87703922 0.97945121 -0.73154253 0.20525282 -0.64543987
0.86081882 -0.94978440 -0.50980372 0.74963435 0.80675581
0.72136600 -0.97199119 0.94415853 0.42300844 -0.78162928
0.97221254 -0.96027256 0.77399622 -0.16761850 0.15476796
