-0.88983409 -0.97360032 0.20145878 0.33688274 -0.85448434
0.88898728 0.98040921 -0.63624245 0.57651938 0.00674097
-0.83212837 -0.96900650 -0.85786478 -0.75945641 -0.66289709
0.78839870 0.97170521 -0.47184805 -0.14114805 -0.33243050
-0.63170380 -0.99436265 -0.77394493 0.30668937 -0.13288143
-0.62999911 -0.95745520 0.32678257 -0.28284978 0.74944461
-0.95818068 -0.86517658 0.03390197 0.99009614 0.88156180
0.97930558 0.90674413 0.18562902 0.06556535 -0.09064247
0.79453043 0.92948935 -0.27576314 0.59051537 0.29676564
0.96880152 0.93159109 -0.82331838 0.50091238 -0.97695112
0.99492737 0.88544987 0.14641090 0.94633872 0.19446355
-0.61708341 -0.93988996 -0.30717917 -0.83178437 -0.19054470
-0.86569132 -0.88844300 0.20420833 0.62854012 0.31408869
-0.57591462 -0.93262643 0.57100990 0.56538944 -0.30127157
0.77637558 -0.07155254 -0.96429373 -0.96139390 -0.01608057
-0.76803900 -0.89010457 0.86363700 -0.07101829 -0.05996290
0.46273381 0.96527112 -0.77699209 -0.11177029 -0.48042262
0.76619826 0.91632305 0.28310221 -0.71604407 -0.69963800
-0.86472486 -0.24951887 0.96765306 -0.81738072 0.77490152
-0.50518291 -0.77093963 0.88339227 0.98378032 -0.15425038
-0.55502627 -0.84972081 -0.13741736 0.99979961 0.93352699
-0.58957567 -0.90518161 -0.55721991 0.94965477 -0.49202748
-0.96246183 -0.78846654 -0.28968548 -0.47074778 0.67545192
-0.83099382 -0.74398720 0.89156508 -0.05951301 0.97462403
-0.87203321 -0.72321838 0.36796326 0.20359646 0.98138311
-0.97034668 -0.82806895 -0.99824397 0.31232607 -0.14456314
-0.58565832 -0.81090383 0.88648754 -0.70003961 -0.71280723
0.94400067 0.88793808 -0.02822947 0.93093198 0.96095570
0.49616202 0.90768561 -0.98076990 0.11936383 -0.46630881
0.27691534 0.97591908 0.40176789 -0.05574762 0.36033417
-0.86295914 0.20140672 0.90837963 -0.79440145 -0.62920009
0.39128659 0.93058833 -0.36876922 0.34728351 -0.43813190
0.36117739 0.93231511 0.05944809 -0.45775244 0.07391972
0.25891521 0.96902580 0.53588821 -0.33276631 -0.07496656
-0.94308801 0.33047319 0.64519138 -0.80304472 0.87378722
-0.63766085 -0.75361316 -0.48786423 -0.68455937 -0.92769943
-0.83298557 -0.73422807 -0.27022888 -0.04439180 0.72822232
-0.91039215 -0.79443825 -0.26963334 0.30741625 -0.02930129
0.27289000 0.96156642 0.89276018 -0.33817732 -0.66993099
0.89098006 0.80054883 0.62248706 0.30962699 0.18417405
0.94720456 0.78575101 0.43949732 0.35079396 -0.10659679
-0.57763512 -0.78641250 -0.24727214 -0.71802712 0.73656331
-0.72457911 0.63587390 0.80777090 -0.96035083 -0.07016301
-0.87154766 -0.27338643 0.52286476 -0.82300106 0.85076012
-0.39013309 -0.61668929 0.80292860 0.92418671 0.86029890
-0.47258010 -0.78907304 0.51813615 -0.98621310 0.55560899
0.95615863 0.83698351 0.04850652 0.97449986 -0.79704854
-0.56491193 0.43089984 0.66555524 0.89310202 -0.89214304
-0.23074435 -0.89467174 0.06070986 -0.39847766 -0.96173251
-0.86616196 -0.37799236 -0.98310754 -0.17072972 -0.89778089
-0.75326182 0.12717688 -0.00500008 0.71168222 0.91834237
-0.52624504 -0.61445941 0.76265743 -0.88947794 0.41151884
-0.94852549 0.25389228 -0.48917961 0.62197386 0.82890297
-0.68404701 0.02177143 0.35372284 0.37017178 -0.92919474
0.19250003 0.94157948 -0.41217434 -0.96425991 0.66776815
-0.81107449 -0.74398000 -0.13798324 0.26920320 0.26641770
-0.82686413 0.55599227 0.04730761 0.15779454 0.87506916
0.96361129 0.45534030 -0.62860200 -0.93852361 -0.11293553
-0.71031044 -0.72596911 0.78738432 0.04633539 -0.42880463
-0.88000155 -0.38100922 0.42449417 -0.35235562 0.75197098
0.43393750 0.48631933 -0.84357473 0.89040815 -0.07330567
0.45033552 0.84011083 -0.02012997 0.04146199 -0.60208345
-0.18784513 -0.90445795 0.47970242 0.55149945 0.32966579
-0.55925963 0.70835884 0.78091275 -0.74187008 0.92938202
-0.83197580 -0.21091784 0.46583237 -0.81320543 -0.64742485
-0.50171690 0.16434854 0.34037721 0.24520842 0.92010457
-0.88483015 -0.66705302 -0.91974942 0.50995693 0.58292518
-0.86342552 0.64186895 0.20538324 0.23844236 -0.84179818
-0.88829000 0.27284945 0.67200619 -0.82647980 0.20878376
-0.49922307 0.02610574 -0.90758503 0.16618073 0.88650498
-0.67523086 -0.11524232 0.54572155 -0.71239088 0.66242122
-0.35056950 0.62067011 0.63652039 0.77494022 0.97768083
-0.42379447 -0.45345373 0.91698376 0.27600787 0.91509057
-0.56202092 -0.11287880 -0.50913685 0.61033217 -0.83231251
-0.96470425 0.11454039 0.00809378 0.11105281 0.60594757
-0.86025527 0.55348970 -0.66874713 -0.46636426 -0.72849686
-0.94977644 -0.01046108 0.79742354 -0.20157885 -0.59807771
-0.48089464 -0.07550561 0.98087345 0.51425163 -0.71218368
-0.33628875 -0.73781537 0.74350548 0.07154960 0.60811798
-0.76824424 -0.23911573 -0.63651118 0.12713830 -0.64812603
-0.44624357 -0.66777039 0.44269658 0.68878215 0.57768322
-0.56989951 -0.45261093 -0.69678100 -0.00495235 0.71970567
-0.38827463 0.05603071 -0.74519461 -0.65067943 -0.99783014
-0.71218958 0.65493908 0.30868540 0.56154695 -0.81065953
-0.25243236 0.23860508 0.69202797 -0.87860652 0.73307384
-0.22886105 -0.39071166 0.90708090 -0.55753676 0.99911841
-0.72982081 0.34066378 0.30555189 0.71959206 0.59945060
0.09679712 0.95465531 0.81606413 -0.19680566 0.92371743
-0.83779133 -0.12296358 -0.46758100 -0.19095417 -0.56330096
-0.78462996 -0.23883012 -0.18918536 0.25003419 0.56744878
-0.30582412 -0.37571796 -0.27624540 -0.11920139 0.89426245
-0.96097233 0.38564134 0.99548085 -0.26587263 -0.49235277
-0.96271238 -0.55172723 0.24859865 -0.64102016 0.38886160
-0.57830344 -0.15622647 0.49068670 0.99672731 -0.18036306
-0.86452626 -0.35672237 -0.31352435 -0.37086517 -0.49884309
-0.41545571 -0.61106243 0.20958831 -0.19494767 0.58815564
0.46205653 0.81910134 0.17223031 0.86214744 -0.88116090
-0.46232641 0.41144948 0.32531583 -0.06328091 -0.67631364
-0.48326428 0.63266921 0.60373169 0.82141706 -0.57168463
-0.43035961 0.42529147 0.05834856 -0.18195185 0.68356832
-0.63258771 0.23480668 -0.06877352 -0.03212449 0.55443802
-0.18704443 0.43280218 0.72428203 -0.60747136 -0.94583486
-0.23833633 0.53155240 0.07712231 -0.79535358 0.93212008
0.24588251 0.74136012 -0.93182752 -0.51401545 0.14429777
-0.21684563 0.33026268 0.90198257 0.65002545 -0.67712140
0.44846681 0.22668976 -0.53037832 0.99437278 0.23295233
-0.65566838 -0.10952180 0.09496429 -0.75290849 -0.50050711
-0.11474225 0.20647797 0.81985664 -0.95562928 -0.07201593
-0.51215966 -0.05449972 -0.06150115 0.46105557 -0.55465051
-0.60076038 -0.34157874 0.42297231 0.21721208 -0.47575290
0.56626393 0.03162280 -0.62710253 0.90712833 -0.51063688
-0.16795516 0.57726369 0.40627287 -0.03455770 -0.95409105
-0.30234997 0.09723974 -0.04788843 0.51259799 -0.65732401
-0.25429624 0.60215460 -0.39620720 -0.17953795 -0.79463438
0.28703445 0.70695425 -0.73034669 0.16200424 0.12684868
-0.17738760 0.51419961 -0.02411300 -0.06119602 0.85810207
-0.14862980 -0.71383092 0.49968084 0.02716658 0.59012656
-0.20016044 -0.22247204 -0.12642089 0.93993238 -0.77865319
-0.39092572 -0.30505922 0.26028167 0.81277724 0.52406017
-0.69350223 -0.00038000 -0.46559163 0.42491795 -0.42066753
-0.74442441 -0.43178404 -0.83967661 -0.64686423 0.66807552
-0.53515167 -0.89219493 -0.92122906 0.97423325 0.25549310
-0.24642599 0.64000388 0.90644052 -0.71103838 0.27909931
-0.12981234 -0.71876874 0.67770646 0.14794653 -0.56166774
-0.72020317 -0.01374052 -0.90336685 -0.35666459 -0.42526622
-0.77934301 0.24645095 -0.20412699 0.63587104 0.36633539
-0.25393444 0.12703320 0.18358264 0.89524202 0.59118211
0.47740402 -0.63217237 -0.94174264 -0.68565902 -0.41229419
-0.41330817 -0.43798107 0.67416480 0.61741042 -0.24302083
-0.20515183 -0.53692994 0.15303283 0.40093156 -0.57950716
-0.25454087 0.29611145 -0.04455037 0.99321136 -0.54464363
-0.21437896 -0.39254575 -0.14150575 -0.14266322 -0.57378695
-0.05523316 -0.80962547 0.06546273 0.08392007 -0.07369148
-0.58188132 -0.44622507 -0.63841847 -0.77476050 -0.60421585
-0.48216878 -0.43684075 0.02126171 -0.71690548 0.32538054
-0.37575546 -0.29748118 0.67540325 -0.20969009 -0.38928597
-0.10952490 0.68749707 0.32167409 0.24554384 -0.93658478
-0.62160156 0.29712211 -0.34380033 0.41990233 -0.30776108
-0.14630764 0.27457905 0.59609353 0.66675075 -0.46064266
-0.25634021 -0.54799352 0.22799719 0.19934082 -0.34160960
-0.08414567 -0.29737008 0.59767264 0.96262605 -0.01034953
0.03288272 0.84354150 -0.46955791 -0.61656296 -0.42523852
-0.14478370 0.36177400 -0.98923699 0.36620017 0.60150427
-0.48363696 -0.02138739 -0.17247176 0.61264118 -0.30512975
-0.57317649 0.40281016 -0.30820543 0.71657573 -0.32827698
0.78986199 0.13878479 -0.79498534 0.73418452 0.61891784
0.77706264 -0.69426808 -0.82125807 -0.75568451 -0.32347111
-0.08956387 -0.28397498 -0.51135078 -0.65175464 -0.67879500
-0.52058000 0.05065932 -0.62929134 0.26828810 0.26530230
-0.23850846 0.64075195 -0.09753529 -0.28549146 0.60100144
-0.30226323 0.29696439 0.41890980 0.01774491 -0.32730301
-0.41602121 0.18150207 -0.47305547 -0.69762699 -0.38952894
-0.03928291 -0.37369223 0.47154733 0.45072865 -0.86678845
0.32836790 0.22412256 -0.63462452 0.68338380 -0.27633319
0.02987587 0.92072892 0.88906391 -0.96160122 -0.14061904
-0.48121157 -0.46887539 -0.26370492 0.13920578 0.17625023
-0.55940803 -0.16035536 -0.63228553 -0.24283172 -0.21780125
-0.13858233 0.34607870 -0.47840429 -0.65909239 0.49250635
-0.51224079 0.00214676 -0.28268166 0.11075405 -0.20827201
-0.08850603 0.06166371 -0.20993903 -0.11043963 -0.48858417
0.16431918 0.68175147 -0.02491604 0.91476223 -0.46762346
-0.28373354 0.59629906 0.20100764 0.25815728 0.45273329
-0.74213197 0.02736176 0.26027673 -0.82461191 0.03724634
0.73990558 0.54516339 0.66529250 0.03023210 -0.22440114
-0.02496007 -0.41122771 -0.81332833 -0.59937191 0.90285724
0.72235215 -0.29458273 -0.38247144 0.59959379 0.00105476
-0.11958949 -0.57368247 -0.34286450 0.04724606 0.15148988
-0.61084669 0.23166601 -0.23410983 -0.83650108 0.20497359
0.01900199 -0.31669999 -0.84463834 0.84875008 0.50092658
-0.86405524 -0.39968850 0.41743888 -0.33243343 -0.06003597
-0.02884353 0.63394366 0.31565501 -0.34073686 0.74749160
-0.21050052 -0.44945786 -0.05869934 -0.50431835 -0.15779082
0.09424268 0.74089248 -0.13003326 -0.53632013 -0.72804649
-0.59878073 0.23937966 -0.59868135 0.00330809 -0.11184981
0.20907561 0.51928038 0.98123990 -0.28110409 0.02677805
-0.08380924 -0.63614526 -0.79028591 -0.55400004 -0.03113767
-0.74909039 0.27743638 0.19542051 0.13824981 0.08510338
0.37321678 0.04726119 -0.34443567 0.92534498 -0.27981938
0.03358980 0.73048866 0.63322488 0.14482430 -0.65750894
-0.00910668 0.32071851 0.15661869 -0.78849965 0.64791470
-0.06505479 -0.26735264 -0.94657361 0.12031659 -0.23667713
0.70335916 0.46311148 -0.60461744 0.53554574 0.27036542
-0.46481237 -0.29388686 -0.53440880 0.24235678 -0.08428917
-0.51553802 -0.37594917 -0.81895742 -0.15261954 0.02975929
-0.05989147 -0.48079850 0.17930705 -0.53328646 0.11958225
-0.01787564 0.28959900 -0.76409420 -0.36240574 -0.41900172
-0.84912262 -0.18374591 0.27325228 0.33884442 -0.04566960
-0.01577594 0.60711546 0.57017582 0.36012735 0.53952830
-0.02237259 0.22856081 0.00849176 -0.98577073 -0.30106046
-0.05386594 0.50816826 -0.26970501 0.00328530 0.25297501
-0.22914818 -0.26447270 0.06187223 0.18090357 0.06278501
-0.02554072 0.42535803 -0.63411692 0.43663345 0.27600943
-0.56760316 -0.11234286 -0.23743164 0.70846461 -0.10407571
-0.00096854 -0.21624983 0.18301966 0.12442966 0.17668922
0.23135279 0.42396554 0.57651073 0.16827657 0.10837400
-0.01563170 0.06186532 -0.08256851 -0.12067361 -0.00477373
0.34436313 -0.15324390 -0.45408764 -0.15587773 0.01355331
0.16942326 0.41597779 0.37692299 -0.41164551 0.08029816
0.30598898 -0.23680433 -0.09649146 0.59690014 -0.03788145
0.05470855 -0.05833635 0.87866787 -0.21632690 -0.12457819
0.01984426 0.52677139 0.12124744 0.03332647 0.33819283
0.44892292 0.55766893 0.86990624 -0.45835588 -0.03239935
0.14132142 -0.07103842 0.50813662 -0.07803647 -0.12379303
0.01102167 0.33416097 0.56492285 -0.44195751 -0.44469847
0.45026329 0.02653357 0.31839789 -0.49251645 -0.04033068
0.38312338 -0.21442062 0.35314870 -0.29503138 0.09040525
0.04321543 0.18059547 -0.27031105 0.03265282 0.28711384
0.22120244 -0.18570966 0.03275068 -0.05800687 0.13979877
0.09667349 -0.35413469 0.42117740 0.41090383 -0.19326947
0.02219036 -0.49916558 -0.48859157 0.60860163 -0.49468598
-0.02465191 0.75854714 0.33586240 -0.92169760 0.62236511
0.75836315 0.78807734 -0.10928580 -0.86471186 0.97748309
0.05102760 -0.45523690 -0.72044191 0.23453335 0.41934834
0.12251988 0.62640131 -0.44952652 0.50275422 -0.54606350
0.55107780 0.45741112 -0.10381910 -0.71356422 0.20867598
0.22486959 0.20484082 0.16953483 -0.07827453 -0.23231737
-0.06813413 0.74366775 0.82694129 -0.17016955 0.66519641
0.75126477 0.56667104 -0.91279010 0.78305323 -0.98859402
0.31812310 0.21147078 0.01379693 0.65535334 0.26931784
0.15355616 0.36660232 -0.13102453 0.33000616 0.39619677
0.40768067 -0.42934977 0.63227585 0.33936835 0.18850407
0.94024474 -0.06329817 -0.76118047 0.18797668 -0.16546392
0.41644893 0.07724120 0.62542874 -0.31004162 0.23859195
0.08217697 -0.03533246 -0.08315043 0.44653993 -0.58466358
0.07427836 -0.46288818 0.46130571 -0.13631113 -0.59686467
-0.03531487 -0.19128266 -0.97731296 -0.74799645 -0.23331223
0.41233281 -0.49904010 0.27233323 -0.27995506 0.18011391
-0.23832631 0.80711507 -0.01874759 -0.75760703 0.99578938
0.06404727 0.05657247 -0.86392332 -0.57484906 -0.82452163
0.09091113 0.23843558 -0.61354473 0.02786690 0.59331113
0.65672351 -0.50060634 0.16378153 0.93718025 -0.03860410
0.12148321 0.46548835 0.35169775 -0.96416800 -0.45556427
-0.03378692 0.83495922 0.38254825 0.17331729 -0.52313706
0.37780007 -0.54968924 0.61864626 0.10196240 -0.17517379
0.50165975 -0.16070074 -0.18903300 0.88968204 0.31016478
0.19331916 0.41008979 0.67485070 -0.52677504 -0.41000481
0.15515353 -0.21085674 0.89895286 -0.53485842 0.36112098
0.43864278 -0.46564441 0.89950209 -0.08439061 0.29481233
-0.46237141 -0.79637756 -0.89815427 -0.97193192 -0.90375159
0.39867454 0.36882155 0.02223954 0.08751871 0.37193505
0.20392347 -0.34059140 -0.12733696 -0.60216431 -0.52800747
0.36211185 -0.07687260 0.21100647 0.95472800 -0.37085266
0.80071383 -0.54463186 -0.06535540 -0.25046963 -0.04230025
0.27158688 0.62902950 0.86047664 0.65339950 -0.24766456
0.69010236 -0.15319050 0.35960906 -0.35842777 -0.28730098
-0.03757770 0.87938195 0.87413971 -0.62850532 0.32930840
0.25434466 0.19586704 -0.22802777 0.69444708 -0.50710559
0.47254604 0.10644966 -0.97341775 -0.11105729 -0.37308910
0.23306116 0.08367807 0.86991702 0.06957800 -0.53143658
0.17428024 -0.71437769 -0.37099601 0.90895334 0.27123302
-0.52494528 0.45055443 -0.69760853 0.63395883 -0.17913972
0.61483819 -0.26764636 0.27249602 0.80951990 0.32699407
-0.49654625 -0.54116997 -0.99375560 -0.54084937 0.11039464
0.10892321 -0.09368621 -0.12076331 0.80650274 0.89391101
0.63675652 -0.07079865 0.30373178 -0.94665918 0.26962835
0.59146602 0.30233680 -0.11254210 0.92146515 -0.40067877
0.23404189 -0.37456478 0.86282740 0.23501805 -0.62602981
-0.31040542 -0.48272415 -0.88574802 -0.63738829 0.01543885
-0.02659037 0.97197596 -0.90121867 0.19159585 -0.64496685
0.10733646 -0.26702748 0.84752060 -0.00236042 0.96106390
0.24057885 -0.65097102 -0.92520526 0.08069309 0.41913403
0.18031030 0.44707386 0.64960693 -0.09499450 0.76374969
-0.88984170 0.55997139 -0.25069622 0.95763153 0.10198066
0.16734316 0.05977099 0.58261588 0.32773654 -0.78254056
0.66466101 0.46118401 -0.88571910 -0.48865347 -0.55096853
0.27719753 -0.61652797 -0.31337484 -0.98663446 -0.56796583
0.63699949 -0.18994075 -0.32763423 -0.20655693 0.43642861
-0.03461193 0.92897237 -0.96417434 0.66930081 0.10981236
0.34064344 -0.39124225 0.85886649 0.38489020 0.55581684
0.59149834 0.19568031 0.69633448 0.50520047 0.38302980
-0.72236066 0.16466407 -0.46906701 -0.93263588 0.23465407
-0.08078856 0.86488737 0.99792674 -0.06218300 -0.33208440
0.51640391 0.15329628 -0.45437104 0.79065813 -0.61625143
0.16720981 -0.67346160 0.24560604 -0.41942916 -0.73713475
0.27382870 0.00688414 0.93325152 0.65977562 0.25474733
0.46462270 -0.01775533 -0.06282078 -0.78627453 0.55913341
-0.34930819 0.74794525 0.05532763 -0.54235977 0.47365181
0.33106361 -0.28009281 0.06601356 0.73390620 -0.67447566
0.62572600 -0.52263090 0.72586458 0.30507608 0.44079780
0.37440544 -0.26984429 0.75968576 -0.75780924 0.05728371
-0.25606473 0.74621964 -0.30781912 0.46676040 -0.01858628
0.75133318 -0.56038613 0.01308870 -0.35005393 0.37059219
0.18986532 -0.41398670 0.06294606 -0.16069943 0.93993792
-0.17273512 0.79443270 -0.40518927 -0.21548549 0.01067047
0.35303110 -0.60009516 0.76608324 0.36688614 -0.58216827
0.35495638 -0.34781620 -0.05218895 -0.20250607 0.71373627
0.35770400 -0.33395900 -0.06331366 0.24348917 -0.73651233
0.79667652 -0.11001408 0.10048365 0.79698397 -0.49842631
0.41545772 -0.70280296 -0.47140556 -0.16038060 -0.24053652
0.46034017 -0.29937761 -0.97216727 -0.36476139 -0.69800579
0.24560772 -0.33652909 0.74652455 0.70567814 -0.71549183
-0.54907196 0.67370831 -0.87077744 -0.42169212 0.06933602
0.28484126 -0.57468752 0.88134503 -0.59083874 -0.60902904
0.68321922 0.39928988 -0.85936576 -0.17323758 0.55857051
0.86911666 -0.27493366 -0.79226949 0.51069087 -0.58735307
0.29889723 0.56807424 0.18311997 -0.65353093 0.90485425
-0.63042573 0.68578168 -0.02015291 -0.24567109 0.04592744
-0.49830322 -0.44663498 -0.76098943 -0.96939847 -0.83726205
0.80578452 -0.51091168 0.20057716 0.69616915 0.48896321
0.87992437 -0.63723783 -0.19265807 -0.60706693 0.23643155
0.76909618 0.09655021 0.80145493 -0.23228785 -0.54804746
0.54675189 -0.31674015 -0.61399453 -0.71637195 -0.78453174
0.59613887 0.03951852 -0.87005427 0.09695815 -0.63264797
0.78320220 -0.51704554 0.89329498 0.21530655 -0.50179536
0.44096770 0.64577148 0.35109278 -0.74374381 0.85898621
-0.19788514 0.88843968 0.27108522 -0.35299255 0.98524073
-0.15520363 0.85412552 0.30421250 -0.16916363 0.16525338
0.71577731 -0.30570196 -0.65455181 0.06366492 -0.59812141
-0.07850524 0.94325857 -0.80828902 -0.45102797 -0.30862090
0.84493835 -0.44099812 0.67005486 -0.71989157 -0.22366652
0.85902012 -0.63632811 0.12485032 0.99366572 -0.30518445
-0.77225128 0.22974318 -0.72440812 0.97213262 0.81903481
-0.56266403 0.70582614 -0.88772739 0.39440591 0.07590886
-0.29717289 0.80020266 0.82756428 -0.30610053 0.34272407
0.77754993 0.43469270 0.02291277 0.50014409 0.60711944
0.76944825 0.73782106 0.54181796 0.98036471 0.72095661
-0.17228541 0.85773268 -0.66984901 0.16376759 -0.26813134
-0.70851262 0.64155946 -0.64659704 -0.70302418 0.10881524
0.43564113 -0.49379148 0.91079395 -0.07052867 -0.79472939
0.61821220 0.13152095 0.35160186 -0.08686858 0.69589581
0.55058133 -0.52313424 0.18404670 -0.93457428 -0.70178893
0.50172349 0.44396210 0.35963620 0.66326868 0.80117110
0.98258033 0.21667207 0.36620974 0.09471269 -0.58011175
-0.95047846 0.70547697 -0.47697728 0.56855101 -0.34376571
0.91632222 0.26433870 -0.78631691 0.36181650 0.62581521
0.07740231 -0.97955639 0.89833019 0.28120297 -0.09932834
0.79608533 0.40981702 0.72989615 0.78149108 -0.03422648
-0.88507061 0.72842003 -0.16320043 -0.11253017 -0.38596772
0.79374207 -0.37248281 0.05029976 -0.37457535 -0.66876369
0.39251241 0.10609692 -0.88699569 0.28188459 -0.96945091
0.57968889 -0.31399678 0.96144236 0.24466286 -0.78821113
0.44589280 -0.74005550 -0.78231059 0.08222175 0.51485021
0.73426671 0.20689393 0.60730581 0.80678488 -0.50582260
0.45177692 -0.22861089 -0.26879148 0.34639229 0.93984917
0.96969864 -0.64014853 0.92103660 0.21772635 -0.44492503
-0.80091580 0.52710175 -0.85192689 -0.74068138 -0.29177611
0.51077311 -0.52906854 -0.63330160 0.25127667 -0.88140872
0.72876932 -0.11994755 0.75211730 -0.54266673 0.69570548
0.65449670 0.43103168 0.79670207 0.72834343 -0.50324999
0.48511805 -0.67176635 -0.02600791 -0.19708148 -0.78534242
0.61127102 0.51589972 0.48258236 0.33542419 0.88250828
0.55295276 -0.65413932 0.55528503 0.96620808 0.34139481
0.80884221 -0.61376524 0.45068536 0.34940785 -0.63276442
0.89136800 0.39378643 0.51561615 0.03010003 0.73832515
-0.81604676 0.84008360 0.94692265 0.25020098 0.93174239
0.43741347 -0.55165866 0.42057830 -0.74286704 0.98706288
0.81180966 -0.55732702 -0.45227480 -0.70502962 -0.77587200
0.81880621 -0.00386368 0.20685192 -0.42682216 0.78239246
-0.70271105 0.83215775 -0.48912062 0.55979905 -0.82808809
-0.46855876 0.81339024 0.32740827 -0.20309540 0.09741930
0.56583559 -0.36687881 0.02408863 0.36025848 -0.98768027
0.85406733 -0.57290593 0.44587362 -0.27518462 -0.74946828
0.23510343 -0.61679327 0.90482769 0.99875784 -0.19373236
0.89596583 -0.71575585 0.57355999 -0.62972841 -0.28254007
-0.84869168 0.01005214 -0.93327083 0.87123319 0.83143521
0.77251233 -0.63821845 0.86606377 -0.34555265 0.73820222
-0.49272272 0.35418139 -0.91701963 0.96496916 -0.87134817
0.84892927 0.00346724 -0.82017914 -0.34179592 -0.89573735
-0.98863116 0.85371808 0.35592043 0.84597657 0.93120801
0.55510684 -0.81658426 0.33686636 -0.80226535 0.29174167
0.78512290 -0.66860389 0.43568712 -0.46875574 0.80272885
0.64386854 0.75400977 0.84344819 0.97339488 -0.50315394
0.77550916 -0.49572530 -0.72238316 -0.02558950 -0.99418255
-0.60804544 0.73961779 -0.67820844 0.95846972 -0.10738255
0.93776556 -0.74192231 -0.36185822 -0.45960393 -0.54241030
-0.22228585 0.99052991 0.06778374 0.05252566 0.75931987
0.50205782 -0.34480109 0.80471744 0.90268314 0.90374865
0.87316571 -0.27837989 0.36561053 0.89365990 -0.99270601
-0.29709543 0.96900038 -0.84508252 -0.22731785 -0.76106399
-0.37924420 0.92892779 -0.37557699 -0.23972610 -0.09931721
0.55667910 -0.83693078 -0.26962258 -0.56226080 0.78764163
0.98920994 -0.60714362 0.97465529 -0.35048379 0.98687214
-0.57579941 0.90295536 0.85976752 0.43266634 -0.52057198
-0.78085240 -0.38590681 -0.95412661 -0.96396210 -0.82869966
-0.33887863 0.98685794 0.89294029 -0.31372454 -0.61687732
0.91670644 -0.83622286 0.26372034 -0.96427014 -0.30243731
0.33798808 -0.98518182 -0.81895534 0.28509053 0.01621874
0.67116441 -0.86629597 0.32208867 -0.40096580 0.72113154
0.38414804 -0.94343504 0.57085159 0.95540826 0.57217365
0.40294883 -0.97067785 0.03070755 -0.94247207 -0.63667397
0.65459404 -0.81954150 0.80361007 -0.83122064 0.96897504
0.43075605 -0.96800515 -0.25426340 -0.06429905 -0.77929862
0.40435437 -0.99188265 -0.98011080 0.43699782 0.88157048
0.68590484 -0.95491931 -0.63565592 -0.39541034 0.09757438
0.79073013 -0.90213727 0.57702593 0.11987810 0.87195096
-0.66282091 0.98319281 -0.79680403 -0.68619546 0.97981950
-0.87278278 0.95595487 0.56611241 0.00932732 -0.83231930
-0.68911795 0.98290581 0.66102239 0.48714052 -0.52434104
0.52167275 -0.99920721 0.39462147 -0.70971996 0.63999977
-0.80594398 0.99001543 -0.34982703 -0.46478692 -0.96550684
0.80532142 -0.95550428 -0.04957223 0.95267897 0.33797436
-0.72662337 0.99324035 -0.28275401 -0.81764984 -0.73447529
-0.77033639 0.96970822 -0.49630105 -0.83307518 0.38327288
0.89374257 -0.98392983 -0.93470913 -0.79423977 -0.12169246
-0.65053182 0.97924000 -0.92088099 0.90184265 0.90489518
0.63026029 -0.98499314 -0.87948906 -0.13889645 -0.97034559
0.80553860 -0.99890461 -0.03420308 0.47155831 0.41815517
0.99339342 -0.97760288 -0.02636799 -0.26473393 -0.04601839
